# relative_time, cycles_done, cur_item, corpus_count, pending_total, pending_favs, map_size, saved_crashes, saved_hangs, max_depth, execs_per_sec, total_execs, edges_found, total_crashes, servers_count
61, 427, 4, 5, 0, 0, 53.26%, 0, 0, 2, 4868.30, 299935, 49, 0, 0
67, 463, 4, 5, 0, 0, 53.26%, 0, 0, 2, 4863.81, 324935, 49, 0, 0
72, 498, 4, 5, 0, 0, 53.26%, 0, 0, 2, 4870.69, 349935, 49, 0, 0
77, 534, 4, 5, 0, 0, 53.26%, 0, 0, 2, 4844.52, 374934, 49, 0, 0
82, 570, 4, 5, 0, 0, 53.26%, 0, 0, 2, 4845.34, 399934, 49, 0, 0
87, 605, 1, 5, 0, 0, 53.26%, 0, 0, 2, 4857.09, 424935, 49, 0, 0
92, 641, 4, 5, 0, 0, 53.26%, 0, 0, 2, 4845.15, 449934, 49, 0, 0
98, 677, 2, 5, 0, 0, 53.26%, 0, 0, 2, 4834.44, 474934, 49, 0, 0
103, 713, 3, 5, 0, 0, 53.26%, 0, 0, 2, 4843.95, 499934, 49, 0, 0
108, 748, 4, 5, 0, 0, 53.26%, 0, 0, 2, 4849.71, 524934, 49, 0, 0
113, 784, 4, 5, 0, 0, 53.26%, 0, 0, 2, 4853.02, 549935, 49, 0, 0
118, 794, 4, 8, 0, 0, 58.70%, 0, 0, 3, 4731.03, 573853, 54, 0, 0
123, 803, 7, 8, 0, 0, 58.70%, 0, 0, 3, 4727.64, 597847, 54, 0, 0
128, 813, 7, 8, 0, 0, 58.70%, 0, 0, 3, 4719.94, 621841, 54, 0, 0
133, 822, 7, 8, 0, 0, 58.70%, 0, 0, 3, 4725.42, 645847, 54, 0, 0
138, 832, 0, 8, 0, 0, 58.70%, 0, 0, 3, 4724.34, 669853, 54, 0, 0
144, 841, 7, 8, 0, 0, 58.70%, 0, 0, 3, 4719.75, 693841, 54, 0, 0
149, 850, 6, 8, 0, 0, 58.70%, 0, 0, 3, 4716.55, 717853, 54, 0, 0
154, 859, 5, 8, 0, 0, 58.70%, 0, 0, 3, 4723.66, 741747, 54, 0, 0
159, 868, 6, 8, 0, 0, 58.70%, 0, 0, 3, 4735.58, 765741, 54, 0, 0
164, 877, 6, 8, 0, 0, 58.70%, 0, 0, 3, 4755.55, 789744, 54, 0, 0
169, 885, 7, 8, 0, 0, 58.70%, 0, 0, 3, 4713.49, 813435, 54, 0, 0
174, 893, 2, 8, 0, 0, 58.70%, 0, 0, 3, 4739.80, 837453, 54, 0, 0
179, 902, 7, 8, 0, 0, 58.70%, 0, 0, 3, 4735.88, 861441, 54, 0, 0
184, 911, 7, 8, 0, 0, 58.70%, 0, 0, 3, 4754.82, 885439, 54, 0, 0
189, 921, 7, 8, 0, 0, 58.70%, 0, 0, 3, 4767.83, 909449, 54, 0, 0
194, 930, 6, 8, 0, 0, 58.70%, 0, 0, 3, 4742.87, 933439, 54, 0, 0
199, 939, 5, 8, 0, 0, 58.70%, 0, 0, 3, 4739.43, 957335, 54, 0, 0
204, 948, 2, 8, 0, 0, 58.70%, 0, 0, 3, 4757.53, 981354, 54, 0, 0
209, 957, 6, 8, 0, 0, 58.70%, 0, 0, 3, 4757.40, 1005344, 54, 0, 0
214, 966, 7, 8, 0, 0, 58.70%, 0, 0, 3, 4750.24, 1029349, 54, 0, 0
219, 976, 7, 8, 0, 0, 58.70%, 0, 0, 3, 4770.47, 1053349, 54, 0, 0
224, 985, 6, 8, 0, 0, 58.70%, 0, 0, 3, 4768.18, 1077349, 54, 0, 0
229, 993, 7, 8, 0, 0, 58.70%, 0, 0, 3, 4750.03, 1101347, 54, 0, 0
234, 1002, 7, 8, 0, 0, 58.70%, 0, 0, 3, 4746.48, 1125341, 54, 0, 0
239, 1009, 6, 8, 0, 0, 58.70%, 0, 0, 3, 4748.52, 1149153, 54, 0, 0
244, 1018, 2, 8, 0, 0, 58.70%, 0, 0, 3, 4752.79, 1173153, 54, 0, 0
250, 1027, 6, 8, 0, 0, 58.70%, 0, 0, 3, 4721.23, 1196947, 54, 0, 0
255, 1037, 7, 8, 0, 0, 58.70%, 0, 0, 3, 4747.49, 1220953, 54, 0, 0
260, 1046, 7, 8, 0, 0, 58.70%, 0, 0, 3, 4740.98, 1244947, 54, 0, 0
265, 1056, 6, 8, 0, 0, 58.70%, 0, 0, 3, 4753.53, 1268944, 54, 0, 0
270, 1064, 5, 8, 0, 0, 58.70%, 0, 0, 3, 4765.30, 1292939, 54, 0, 0
275, 1074, 4, 8, 0, 0, 58.70%, 0, 0, 3, 4746.50, 1316853, 54, 0, 0
280, 1082, 6, 8, 0, 0, 58.70%, 0, 0, 3, 4741.10, 1340841, 54, 0, 0
285, 1090, 5, 8, 0, 0, 58.70%, 0, 0, 3, 4738.26, 1364835, 54, 0, 0
290, 1100, 7, 8, 0, 0, 58.70%, 0, 0, 3, 4753.58, 1388854, 54, 0, 0
295, 1110, 5, 8, 0, 0, 58.70%, 0, 0, 3, 4762.08, 1412849, 54, 0, 0
300, 1118, 6, 8, 0, 0, 58.70%, 0, 0, 3, 4763.57, 1436844, 54, 0, 0
305, 1128, 5, 8, 0, 0, 58.70%, 0, 0, 3, 4737.92, 1460841, 54, 0, 0
310, 1137, 7, 8, 0, 0, 58.70%, 0, 0, 3, 4747.86, 1484849, 54, 0, 0
315, 1145, 6, 8, 0, 0, 58.70%, 0, 0, 3, 4740.12, 1508853, 54, 0, 0
320, 1154, 7, 8, 0, 0, 58.70%, 0, 0, 3, 4745.38, 1532835, 54, 0, 0
325, 1164, 2, 8, 0, 0, 58.70%, 0, 0, 3, 4734.87, 1556853, 54, 0, 0
330, 1172, 0, 8, 0, 0, 58.70%, 0, 0, 3, 4731.43, 1580853, 54, 0, 0
335, 1182, 4, 8, 0, 0, 58.70%, 0, 0, 3, 4734.76, 1604853, 54, 0, 0
341, 1190, 4, 8, 0, 0, 58.70%, 0, 0, 3, 4734.95, 1628853, 54, 0, 0
346, 1199, 7, 8, 0, 0, 58.70%, 0, 0, 3, 4724.68, 1652835, 54, 0, 0
351, 1209, 4, 8, 0, 0, 58.70%, 0, 0, 3, 4761.01, 1676854, 54, 0, 0
356, 1218, 7, 8, 0, 0, 58.70%, 0, 0, 3, 4737.55, 1700847, 54, 0, 0
361, 1228, 0, 8, 0, 0, 58.70%, 0, 0, 3, 4757.47, 1724854, 54, 0, 0
366, 1237, 6, 8, 0, 0, 58.70%, 0, 0, 3, 4741.65, 1748853, 54, 0, 0
371, 1247, 2, 8, 0, 0, 58.70%, 0, 0, 3, 4765.88, 1772854, 54, 0, 0
376, 1256, 5, 8, 0, 0, 58.70%, 0, 0, 3, 4747.71, 1796847, 54, 0, 0
381, 1265, 4, 8, 0, 0, 58.70%, 0, 0, 3, 4736.48, 1820853, 54, 0, 0
386, 1274, 6, 8, 0, 0, 58.70%, 0, 0, 3, 4731.12, 1844853, 54, 0, 0
391, 1283, 7, 8, 0, 0, 58.70%, 0, 0, 3, 4742.12, 1868753, 54, 0, 0
396, 1291, 6, 8, 0, 0, 58.70%, 0, 0, 3, 4706.78, 1892647, 54, 0, 0
401, 1300, 7, 8, 0, 0, 58.70%, 0, 0, 3, 4713.86, 1916641, 54, 0, 0
406, 1309, 7, 8, 0, 0, 58.70%, 0, 0, 3, 4722.20, 1940635, 54, 0, 0
410, 1316, 6, 8, 0, 0, 58.70%, 0, 0, 3, 4740.89, 1958723, 54, 0, 0
